02106340
02106335
02104307
02102531
02098392
02096119
02095273
02063273
02102779
02102120
02101826
02101740
02100756
02100267
02097993
02096642
02094737
02093759
02082663
02107055
02107256
02107254
02107251
02107258
02107266
02107262
02107263
02107269
02107272
02107265
02107267
02107270
02107268
02107271
02107264
02107273
02107261
02107259
02107252
02107260
02106583
02107081
02106922
02106474
02106144
02105365
02103978
02103735
02103427
02102806
02101799
02101617
02100972
02100883
02099901
02098930
02093965
02093373
02090731
02071673
02106298
02104475
02102456
02091926
02109166
02108501
02108238
02108589
02087903
02112506
02111528
02111818
02112351
02111281
02111943
02111386
02110169
02110258
02110120
02110474
02107006
02106967
02106241
02103559
02086334
02084049
02112747
02101905
02114445
02114353
02114268
02104487
02125517
02143308
02134282
02145771
02143019
02366695
02366697
02285381
02173066
02366429
02144689
02141862
02138717
02136754
02134697
02130270
02366099
02144962
02368148
02367954
02368550
02368563
02367795
02367049
02191088
02366796
02145564
02144993
02143399
02140151
02368426
02117122
02090109
02372550
02373373
02372386
02367901
02366567
02366627
02143451
02143436
02141309
02141325
02140466
02139092
02135111
02134951
02373485
02372657
02366090
02145159
02141520
02140842
02135808
02123240
02374979
02374251
02373863
02373919
02372831
02372838
02368168
02368011
02131858
02376653
02375168
02145706
02139566
02377257
02376615
02377114
02374897
02373980
02374682
02373960
02374697
02373963
02372564
02368105
02367147
02366515
02143637
02141465
02139033
02135850
02133907
02133132
02125088
02374303
02143509
02135052
02377862
02377811
02367033